3
10 inputs/process_1
42 inputs/process_2
99 inputs/process_3

10 0000010011101111
10 0000101001100000
10 0000101011000111
10 0000010011101111
10 0000000000111001
10 0000101011000111
10 0000011000011001
10 0000100100101101
10 0000101011000111
10 0000010100000001
10 0000110001000011
10 0000000001101000
10 0000011001111000
10 0000101011000111
10 0000000110110010
10 0000010011101111
10 0000001111101101
10 0000001111101101
10 0000010011101111
10 0000000000111001
10 0000101011000111
10 0000011010110010
10 0000101010110111
10 0000101011000111
10 0000001111000100
10 0000010001010010
10 0000010001010010
10 0000001111000100
10 0000110000111101
10 0000001001001111
42 0000000001110001
42 0000001110110001
42 0000001001010001
42 0001010100101000
42 0001100110011111
42 0000001101101000
42 0001011111000001
42 0000010111001110
42 0000110100000110
42 0000111001111010
42 0000011000010101
42 0000101001101101
42 0000110011110011
42 0000101001101110
42 0001011100101100
42 0001011110000001
42 0001100100110111
42 0000010110011010
42 0001110100010011
42 0001101010100010
42 0001111010100010
42 0001100111011010
42 0001000001100001
42 0000010000100001
42 0001011110110000
42 0001001100010110
42 0000010100101000
42 0000110101100000
42 0001100110111011
42 0000010001101000
42 0001001101011101
